H      V          De      0 7.35e+0302d 
   699 1.00e+0502d 
  7848 3.34e+0302d 
120000 7.84e+0302d 
  3350 1.40e+0502d 
  7824 3.36e+0302d 
160000 7.81e+0302d 
  3374 1.80e+0502d 
  7800 3.39e+0302d 
200000 7.79e+0302d 
  3398 2.20e+0502d 
  7777 3.41e+0302d 
240000 7.76e+0302d 
  3421 2.60e+0502d 
  7753 3.43e+0302d 
280000 7.74e+0302d 
  3445 3.00e+0502d 
  7730 3.46e+0302d 
320000 7.72e+0302d 
  3468 3.40e+0502d 
  7707 3.48e+0302d 
360000 7.70e+0302d 
  3491 3.80e+0502d 
  7684 3.50e+0302d 
400000 7.67e+0302d 
  3514 4.20e+0502d 
  7661 3.52e+0302d 
440000 7.65e+0302d 
  3536 4.60e+0502d 
  7639 3.55e+0302d 
480000 7.63e+0302d 
  3558 5.00e+0502d 
  7617 3.57e+0302d 
520000 7.61e+0302d 
  3581 5.40e+0502d 
  7594 3.59e+0302d 
560000 7.58e+0302d 
  3603 5.80e+0502d 
  7573 3.61e+0302d 
600000 7.56e+0302d 
  3624 3.591647e+03 nV
560000 7.583518e+03 nV
  3603 5.800000e+05 nV
  7573 3.613530e+03 nV
600000 7.561729e+03 nV
  3624 +03 3.4678e+03 1.2332e+03 9.6125e+02 2.1944e+03 5.6623e+03 
340000 7.7068e+03 3.4793e+03 1.2270e+03 9.6354e+02 2.1905e+03 5.6698e+03 
360000 7.6954e+03 3.4908e+03 1.2208e+03 9.6583e+02 2.1866e+03 5.6774e+03 
380000 7.6840e+03 3.5022e+03 1.2147e+03 9.6812e+02 2.1828e+03 5.6849e+03 
400000 7.6726e+03 3.5135e+03 1.2085e+03 9.7039e+02 2.1789e+03 5.6925e+03 
420000 7.6613e+03 3.5248e+03 1.2024e+03 9.7267e+02 2.1751e+03 5.6999e+03 
440000 7.6500e+03 3.5361e+03 1.1963e+03 9.7494e+02 2.1713e+03 5.7074e+03 
460000 7.6388e+03 3.5473e+03 1.1903e+03 9.7720e+02 2.1675e+03 5.7148e+03 
480000 7.6277e+03 3.5585e+03 1.1843e+03 9.7946e+02 2.1637e+03 5.7222e+03 
500000 7.6166e+03 3.5696e+03 1.1783e+03 9.8171e+02 2.1600e+03 5.7296e+03 
520000 7.6055e+03 3.5806e+03 1.1723e+03 9.8396e+02 2.1563e+03 5.7369e+03 
540000 7.5945e+03 3.5916e+03 1.1664e+03 9.8620e+02 2.1526e+03 5.7442e+03 
560000 7.5835e+03 3.6026e+03 1.1605e+03 9.8844e+02 2.1489e+03 5.7515e+03 
580000 7.5726e+03 3.6135e+03 1.1546e+03 9.9068e+02 2.1452e+03 5.7588e+03 
600000 7.5617e+03 3.6244e+03 1.1487e+03 9.9290e+02 2.1416e+03 5.7660e+03 
